frequency (Hz), f_err, volt (mV), v_err, phase (degrees), phase_err, rms voltage from multimeter (Ac Volts), rms_err

R0c = 1 MOhm = 100 kOhms = 1e6 Ohms 

------- run 1 -------

100.0, 0.1, 0.4, 0.05, 0.0, 0.05, 0.70733, 0.00001
280.0, 0.5, 0.35, 0.05, 0.0, 0.05, 0.70703, 0.00002
460.0, 3.0, 0.35, 0.05, 0.0, 0.05, 0.70704, 0.00001
640.0, 1.0, 0.40, 0.05, 0.0, 0.05, 0.70705, 0.00001
820.0, 1.0, 0.4, 0.05, 0.0, 0.05, 0.70707, 0.00003
1000.0, 2.0, 0.4, 0.05, 0.0, 0.05, 0.70707, 0.00001
2800.0, 5.0, 0.4, 0.05, 0.0, 0.05, 0.70740, 0.00003
4600.0, 10.0, 0.45, 0.05, 0.0, 0.05, 0.70763, 0.00001
6400.0, 10.0, 0.5, 0.05, 0.0, 0.05, 0.70784, 0.00002
8200.0, 20.0, 0.5, 0.05, 0.0, 0.05, 0.70800, 0.00002
10000.0, 20.0, 0.5, 0.05, 0.0, 0.05, 0.70815, 0.0002
28000.0, 100.0, 0.6, 0.05, 0.0, 0.05, 0.70934, 0.0003
46000.0, 100.0, 0.65, 0.05, 0.0, 0.05, 0.70984, 0.0003
64000.0, 200.0, 0.7, 0.1. 0.0, 0.05, 0.71010, 0.00002
82000.0, 200.0, 0.8, 0.05, 0.0, 0.05, 0.71029, 0.00001
100000.0, 200.0, 0.9, 0.1, +67.5, 3.0, 0.71043, 0.00002

------- run 2 -------

100.0, 0.2, 0.35, 0.05, 0.0, 0.05, 0.70721, 0.00001
280.0, 1.0, 0.4, 0.05, 0.0, 0.05, 0.70696, 0.00002
460.0, 3.0, 0.4, 0.05, 0.0, 0.05, 0.70690, 0.00002
640.0, 1.0, 0.4, 0.05, 0.0, 0.05, 0.70692, 0.00002
820.0, 3.0, 0.4, 0.05, 0.0, 0.05, 0.70696, 0.00001
1000.0, 10.0, 0.4, 0.05, 0.0, 0.05, 0.70700, 0.00003
2800.0, 10.0, 0.45, 0.05, 0.0, 0.05, 0.70728, 0.00001
4600.0, 10.0, 0.45, 0.05, 0.0, 0.05, 0.70753, 0.00001
6400.0, 20.0, 0.5, 0.05, 0.0, 0.05, 0.70777, 0.00001
8200.0, 20.0, 0.5, 0.05, 0.0, 0.05, 0.70794, 0.00001
10000.0, 20.0, 0.5, 0.05, 0.0, 0.05, 0.70807, 0.00002
28000.0, 100.0, 0.6, 0.05, 0.0, 0.05, 0.70930, 0.00004
46000.0, 100.0, 0.65, 0.05, 0.0, 0.05, 0.70984, 0.00002
64000.0, 200.0, 0.75, 0.05, 0.0, 0.05, 0.71015, 0.00001
82000.0, 200.0, 0.8, 0.05, 0.0, 0.05, 0.71033, 0.00001
100000.0, 200.0, 0.95, 0.05, +65.7, 2.00, 0.71048, 0.00002

------- run 3 -------

100.0, 0.1, 0.4, 0.05, 0.0, 0.05, 0.70715, 0.00002
280.0, 1.0, 0.4, 0.05, 0.0, 0.05, 0.70690, 0.00002
460.0, 3.0, 0.4, 0.05, 0.0, 0.05, 0.70688, 0.00001
640.0, 1.0, 0.4, 0.05, 0.0, 0.05, 0.70690, 0.00001
820.0, 3.0, 0.4, 0.05, 0.0, 0.05, 0.70692, 0.00002
1000.0, 20.0, 0.4, 0.05, 0.0, 0.05, 0.70693, 0.00002
2800.0, 100.0, 0.45, 0.05, 0.0, 0.05, 0.70723, 0.00001
4600.0, 100.0, 0.5, 0.05, 0.0, 0.05, 0.70750, 0.00002
6400.0, 100.0, 0.5, 0.05, 0.0, 0.05, 0.70772, 0.00001
8200.0, 200.0, 0.5, 0.05, 0.0, 0.05, 0.70791, 0.00001
10000.0, 200.0, 0.5, 0.05, 0.0, 0.05, 0.70805, 0.00002
28000.0, 100.0, 0.6, 0.05, 0.0, 0.05, 0.70929, 0.00001
46000.0, 100.0, 0.65, 0.05, 0.0, 0.05, 0.70984, 0.00002
64000.0, 200.0, 0.75, 0.05, 0.0, 0.05, 0.71013, 0.00002
82000.0, 200.0, 0.75, 0.05, 0.0, 0.05, 0.71033, 0.00002
100000.0, 200.0, 0.85, 0.05, 0.0, 0.05, 0.71049, 0.00001
