frequency (Hz), f_err, volt (mV), v_err, phase (degrees), phase_err, rms voltage from multimeter (Ac Volts), rms_err

R0c = 1 MOhms = 10^6 Ohms

------ run 1 -------

100.0, 0.1, 10.8, 0.1, -8.3, 0.2, 0.69663, 0.00003
280.0, 1.0, 10.2, 0.2, -2.0, 0.1, 0.69690, 0.00003
460.0, 3.0, 10.1, 0.1, +1.3, 0.1, 0.69694, 0.00002
640.0, 1.0, 10.1, 0.1, +3.7, 0.1, 0.69694, 0.00001
820.0, 3.0, 10.2, 0.1, +5.8, 0.2, 0.69696, 0.00001 
1000.0, 5.0, 10.3, 0.1, +7.8, 0.1, 0.69688, 0.00001
2800.0, 10.0, 12.0, 0.1, +21.4, 0.1, 0.69632, 0.00002
4600.0, 10.0, 14.3, 0.1, +27.1, 0.1, 0.69513, 0.00001
6400.0, 10.0, 16.3, 0.1, +29.4, 0.1, 0.69383, 0.00002
8200.0, 20.0, 18.2, 0.1, +30.3, 0.2, 0.69260, 0.00002
10000.0, 20.0, 19.7, 0.2, +30.5, 0.2, 0.69149, 0.00003 
28000.0, 100.0, 28.8, 0.1, +28.5, 0.2, 0.68467, 0.00003
46000.0, 100.0, 33.4, 0.2, +27.8, 0.1, 0.68106, 0.00002
64000.0, 200.0, 36.7, 0.3, +27.5, 0.3, 0.67856, 0.00004
82000.0, 200.0, 39.4, 0.1, +28.2, 0.1, 0.67649, 0.00002
100000.0, 200.0, 41.6, 0.2, +29.7, 0.1, 0.67476, 0.00002

------- run 2 -------

100.0, 0.1, 11.1, 0.1, -8.5, 0.2, 0.69625, 0.00002
280.0, 1.0, 10.4, 0.1, -2.2, 0.1, 0.69657, 0.00001
460.0, 3.0, 10.4, 0.1, +1.1, 0.1, 0.69661, 0.00001
640.0, 1.0, 10.4, 0.1, +3.5, 0.1, 0.69664, 0.00001
820.0, 3.0, 10.5, 0.1, +5.5, 0.1, 0.69665, 0.00001
1000.0, 5.0. 10.5, 0.1, +7.5, 0.3, 0.69666, 0.00002
2800.0, 10.0, 12.2, 0.1, +21.1, 0.1, 0.69603, 0.00002
4600.0, 10.0, 14.5, 0.1, +26.8, 0.3, 0.69482, 0.00002
6400.0, 10.0, 16.6, 0.1, +29.2, 0.1, 0.69347, 0.00002
8200.0, 20.0, 18.5, 0.1, +30.2, 0.2, 0.69220, 0.00003
10000.0, 20.0, 20.1, 0.1, +30.5, 0.1, 0.69109, 0.00002
28000.0, 100.0, 29.3, 0.1, +28.6, 0.2, 0.68410, 0.00002
46000.0, 100.0, 34.1, 0.1, +29.0, 0.1, 0.68040, 0.00002
64000.0, 200.0, 37.5, 0.1, +28.1, 0.1, 0.67780, 0.00002
82000.0, 200.0, 40.3, 0.1, +28.5, 0.1, 0.67568, 0.00001
100000.0, 200.0, 42.6, 0.1, +29.0, 0.2, 0.67384. 0.00002

------- run 3 -------

100.0, 0.1, 11.5, 0.1, -8.6, 0.2, 0.69589, 0.00003
280.0, 1.0, 10.7, 0.1, -2.4, 0.1, 0.69622, 0.00001
460.0, 1.0, 10.6, 0.1, +0.8, 0.2, 0.69629, 0.00001
640.0, 1.0, 10.6, 0.1, +3.2, 0.1, 0.69634, 0.00002
820.0, 3.0, 10.7, 0.1, +5.4, 0.1, 0.69635, 0.00001
1000.0, 5.0, 10.8, 0.1, +7.2, 0.1, 0.69637, 0.00002
2800.0, 5.0, 12.5, 0.1, +20.9, 0.1, 0.69574, 0.00002
4600.0, 10.0, 14.8, 0.1, +26.7, 0.1, 0.69453, 0.00002
6400.0, 10.0, 16.9, 0.1, +29.1, 0.1, 0.69320, 0.00002
8200.0, 20.0, 18.8, 0.1, +30.1, 0.1, 0.69193, 0.00001
10000.0, 20.0, 20.4, 0.1, +30.2, 0.2, 0.69077, 0.00003
28000.0, 100.0, 29.8, 0.1, +28.7, 0.2, 0.68375, 0.00002
46000.0, 100.0, 34.6, 0.1, +28.1, 0.1, 0.67997, 0.00001
64000.0, 200.0, 38.1, 0.1, +28.2, 0.1, 0.67731, 0.00001
82000.0, 200.0, 40.1, 0.2, +28.6, 0.1, 0.67515, 0.00001
100000.0, 200.0, 43.4, 0.2, +29.1, 0.1, 0.67324, 0.00001