frequency (Hz), f_err, volt (mV), v_err, phase (degrees), phase_err

R0a = 10kOhms

------- run 1 -------

100.0, 0.2, 13.9, 0.1, -2.7, 0.2
280.0, 0.1, 13.9, 0.1, -5.0, 0.2 
460.0, 0.5, 13.7, 0.1, -7.8, 0.2
640.0, 0.5, 13.6, 0.1, -10.6, 0.2
820.0, 3.0, 13.5, 0.1, -13.4, 0.2 
1000.0, 5.0, 13.2, 0.1, -15.8, 0.4
2800.0, 5.0, 10.4, 0.1, -36.6, 0.2 
4600.0, 10.0, 7.9, 0.1, -46.4, 0.2
6400.0, 10.0, 6.3, 0.1, -50.5, 0.2
8200.0, 20.0, 5.2, 0.1, -52.3, 0.1
10000.0, 20.0, 4.4, 0.1, -52.5, 0.5
28000.0, 50.0, 2.1, 0.1, -35.9, 1.0
46000.0, 50.0, 1.8, 0.1, -18.3, 1.0
64000.0, 100.0, 1.7, 0.2, -7.0, 2.0
82000.0, 100.0, 1.6, 0.2, +3.5, 5.0
10000.0, 200.0, 1.7, 0.1, +10.5, 1.0

------- run 2 -------

100.0, 0.2, 13.9, 0.1, -2.3, 0.2
280.0, 1.0, 13.8, 0.1, -5.0, 0.2
460.0, 1.0, 13.7, 0.1, -7.8, 0.2
640.0, 3.0, 13.6, 0.1, -10.7, 0.2
820.0, 3.0, 13.4, 0.2, -13.4, 0.1
1000.0, 1.0, 13.2, 0.1, -16.1, 0.3
2800.0, 5.0, 10.4, 0.2, -36.3, 0.3
4600.0, 5.0, 7.9, 0.1, -46.4, 0.4
6400.0, 10.0, 6.2, 0.1, -50.3, 0.3
8200.0, 10.0, 5.2, 0.1, -52.3, 0.3
10000.0, 20.0, 4.4, 0.2, -52.5, 0.5 
28000.0, 50.0, 2.1, 0.2, -34.5, 2.5
46000.0, 100.0, 1.7, 0.1, -17.5, 2.5
64000.0, 100.0, 1.7, 0.1, -7.0, 0.5
82000.0, 150.0, 1.7, 0.1, +3.5, 2.0
100000.0, 200.0, 1.7, 0.1, +10.5, 1.5

------- run 3 -------

100.0, 0.1, 13.9, 0.1, -2.1, 0.2
280.0, 1.0, 13.8, 0.1, -5.0, 0.2
460.0, 1.0, 13.7, 0.1, -7.8, 0.2
640.0, 3.0, 13.6, 0.1, -10.6, 0.2
820.0, 3.0, 13.4, 0.2, -13.4, 0.2
1000.0, 5.0, 13.2, 0.1, -16.1, 0.4
2800.0, 5.0, 10.4, 0.1, -36.3, 0.3
4600.0, 10.0, 7.9, 0.1, -46.4, 0.3
6400.0, 10.0, 6.2, 0.2, -50.5, 0.3
8200.0, 15.0, 5.1, 0.1, -52.3, 0.5 
10000.0, 20.0, 4.4, 0.1, -53.0, 0.5
28000.0, 50.0, 2.1, 0.1, -35.0, 1.0
46000.0, 50.0, 1.8, 0.1, -18.0, 2.0
64000.0, 100.0, 1.7, 0.1, -7.0, 2.0
82000.0, 100.0, 1.6, 0.1, +4.0, 2.0
100000.0, 200.0, 1.7, 0.2, +12.0, 2.0

  

