frequency (Hz), f_err, volt (mV), v_err, phase (degrees), phase_err, rms voltage from multimeter (Ac Volts), rms_err

R0b = 100 kOhms = 10^5 Ohms

------- run 1 -------

100.0, 0.2, 48.7, 0.1, -10.7, 0.3, 0.65910, 0.00005 
280.0, 1.0, 45.3, 0.1, -7.4, 0.1, 0.66179, 0.00001
460.0, 3.0, 44.4, 0.2, -7.2, 0.1, 0.66269, 0.00001
640.0, 1.0, 43.7, 0.1, -7.5, 0.1, 0.66333, 0.00002
820.0, 1.0, 43.2, 0.1, -8.1, 0.1, 0.66395, 0.00001
1000.0, 2.0, 42.7, 0.1, -8.7, 0.2, 0.66446. 0.00001
2800.0, 10.0, 37.6, 0.1, -12.9, 0.2, 0.67048, 0.00001
4600.0, 10.0, 33.7, 0.1, -13.3, 0.1, 0.67355, 0.00001
6400.0, 10.0, 31.3, 0.1, -12.0, 0.1, 0.67704, 0.00002
8200.0, 20.0, 29.7, 0.2, -9.6, 0.2, 0.67858, 0.00003
10000.0, 20.0, 28.7, 0.1, -7.5, 0.1, 0.67945, 0.00001
28000.0, 100.0, 28.7, 0.1, +7.7, 0.2, 0.68087, 0.00002
46000.0, 100.0, 31.3, 0.1, +13.7, 0.3, 0.67965, 0.00002
64000.0, 200.0, 33.6, 0.1, +17.2, 0.1, 0.67835, 0.00002
82000.0, 200.0, 35.6, 0.1, +19.5, 0.1, 0.67705, 0.00001
100000.0, 200.0, 37.2, 0.1, +21.3. 0.2, 0.67592, 0.00002

------- run 2 -------

100.0, 0.2, 51.3, 0.1, -10.4, 0.1, 0.65630. 0.00002
280.0, 1.0, 47.8, 0.1, -7.6, 0.2, 0.65918, 0.00001 
460.0, 3.0, 46.8, 0.1, -7.4, 0.1, 0.66020, 0.00003
640.0, 1.0, 46.3, 0.1, -7.9, 0.1, 0.66086, 0.00001
820.0, 1.0, 45.8, 0.2, -8.4, 0.1, 0.66145, 0.00002
1000.0, 20.0, 45.4, 0.1, -9.1, 0.1, 0.66185, 0.00001
2800.0, 10.0, 39.6, 0.1, -13.4, 0.1, 0.66857, 0.00001
4600.0, 10.0, 35.5, 0.1, -13.6, 0.1, 0.67294, 0.00001
6400.0, 10.0, 32.8, 0.1, -12.2, 0.1, 0.67559, 0.00001
8200.0, 20.0, 31.1, 0.1, -9.9, 0.1, 0.67723, 0.00002
10000.0, 20.0, 30.1, 0.1, -7.5, 0.1, 0.67824, 0.00001
28000.0, 100.0, 30.0, 0.1, +8.3, 0.1, 0.67962, 0.00002
46000.0, 100.0, 32.9, 0.1, +14.4, 0.1, 0.67823. 0.00001
64000.0, 200.0, 35.4, 0.1, +17.7, 0.1, 0.67677, 0.00002
82000.0, 200.0, 37.6, 0.1, +20.3, 0.1, 0.67533, 0.00003
100000.0, 200.0, 39.5, 0.1, +21.9, 0.2, 0.67400, 0.00003

------- run 3 -------

100.0, 0.1, 54.1, 0.1, -10.2, 0.1, 0.65360, 0.00001
280.0, 1.0, 50.2, 0.1, -7.9, 0.1, 0.65687, 0.00001 
460.0, 1.0, 49.1, 0.1, -7.7, 0.1, 0.65803, 0.00002
640.0, 1.0, 48. 2, 0.1 -8.2, 0.1, 0.65886, 0.00002
820.0, 1.0, 47.6, 0.1, -8.7, 0.1, 0.65966, 0.00003
1000.0, 2.0, 46.5, 0.5, -9.3, 0.2, 0.66042, 0.00001
2800.0, 10.0, 40.8, 0.2, -13.7, 0.2, 0.66754, 0.00002
4600.0, 10.0, 36.4, 0.1, -13.7, 0.2, 0.67212, 0.00001
6400.0, 10.0, 33.6, 0.2, -12.3, 0.1, 0.67483, 0.00001
8200.0, 20.0, 31.8, 0.1, -10.0, 0.2, 0.67653, 0.00002
10000.0, 20.0, 30.7, 0.1, -7.5, 0.1, 0.67760, 0.00001
28000.0, 100.0, 30.7, 0.1, +8.3, 0.1, 0.67900, 0.00001
46000.0, 100.0, 33.6, 0.1, +14.5, 0.1, 0.67760, 0.00001
64000.0, 200.0, 36.1, 0.1, +18.0, 0.1, 0.67612, 0.00002 
82000.0, 200.0, 38.3, 0.1, +20.2, 0.2, 0.67466, 0.00002
100000.0, 200.0, 40.3, 0.1, +22.0, 0.3, 0.67335, 0.00001 

