frequency (Hz), f_err, volt (mV), v_err, phase (degrees), phase_err, rms voltage from multimeter (Ac Volts), rms_err

R0c = 1 MOhms = 10^6 Ohms

100.0, 0.1, 11.1, 0.1, -8.5, 0.2, 0.69625, 0.00002
280.0, 1.0, 10.4, 0.1, -2.2, 0.1, 0.69657, 0.00001
460.0, 3.0, 10.4, 0.1, +1.1, 0.1, 0.69661, 0.00001
640.0, 1.0, 10.4, 0.1, +3.5, 0.1, 0.69664, 0.00001
820.0, 3.0, 10.5, 0.1, +5.5, 0.1, 0.69665, 0.00001
1000.0, 5.0, 10.5, 0.1, +7.5, 0.3, 0.69666, 0.00002
2800.0, 10.0, 12.2, 0.1, +21.1, 0.1, 0.69603, 0.00002
4600.0, 10.0, 14.5, 0.1, +26.8, 0.3, 0.69482, 0.00002
6400.0, 10.0, 16.6, 0.1, +29.2, 0.1, 0.69347, 0.00002
8200.0, 20.0, 18.5, 0.1, +30.2, 0.2, 0.69220, 0.00003
10000.0, 20.0, 20.1, 0.1, +30.5, 0.1, 0.69109, 0.00002
28000.0, 100.0, 29.3, 0.1, +28.6, 0.2, 0.68410, 0.00002
46000.0, 100.0, 34.1, 0.1, +29.0, 0.1, 0.68040, 0.00002
64000.0, 200.0, 37.5, 0.1, +28.1, 0.1, 0.67780, 0.00002
82000.0, 200.0, 40.3, 0.1, +28.5, 0.1, 0.67568, 0.00001
100000.0, 200.0, 42.6, 0.1, +29.0, 0.2, 0.67384, 0.00002
