frequency (Hz), f_err, volt (mV), v_err, phase (degrees), phase_err, rms voltage from multimeter (Ac Volts), rms_err

R0b = 100 kOhms = 10^5 Ohms

100.0, 0.1, 54.1, 0.1, -10.2, 0.1, 0.65360, 0.00001
280.0, 1.0, 50.2, 0.1, -7.9, 0.1, 0.65687, 0.00001 
460.0, 1.0, 49.1, 0.1, -7.7, 0.1, 0.65803, 0.00002
640.0, 1.0, 48.2, 0.1, -8.2, 0.1, 0.65886, 0.00002
820.0, 1.0, 47.6, 0.1, -8.7, 0.1, 0.65966, 0.00003
1000.0, 2.0, 46.5, 0.5, -9.3, 0.2, 0.66042, 0.00001
2800.0, 10.0, 40.8, 0.2, -13.7, 0.2, 0.66754, 0.00002
4600.0, 10.0, 36.4, 0.1, -13.7, 0.2, 0.67212, 0.00001
6400.0, 10.0, 33.6, 0.2, -12.3, 0.1, 0.67483, 0.00001
8200.0, 20.0, 31.8, 0.1, -10.0, 0.2, 0.67653, 0.00002
10000.0, 20.0, 30.7, 0.1, -7.5, 0.1, 0.67760, 0.00001
28000.0, 100.0, 30.7, 0.1, +8.3, 0.1, 0.67900, 0.00001
46000.0, 100.0, 33.6, 0.1, +14.5, 0.1, 0.67760, 0.00001
64000.0, 200.0, 36.1, 0.1, +18.0, 0.1, 0.67612, 0.00002 
82000.0, 200.0, 38.3, 0.1, +20.2, 0.2, 0.67466, 0.00002
100000.0, 200.0, 40.3, 0.1, +22.0, 0.3, 0.67335, 0.00001 