frequency (Hz), f_err, volt (mV), v_err, phase (degrees), phase_err, rms voltage from multimeter (Ac Volts), rms_err

R0c = 1 MOhms = 10^6 Ohms

100.0, 0.1, 10.8, 0.1, -8.3, 0.2, 0.69663, 0.00003
280.0, 1.0, 10.2, 0.2, -2.0, 0.1, 0.69690, 0.00003
460.0, 3.0, 10.1, 0.1, +1.3, 0.1, 0.69694, 0.00002
640.0, 1.0, 10.1, 0.1, +3.7, 0.1, 0.69694, 0.00001
820.0, 3.0, 10.2, 0.1, +5.8, 0.2, 0.69696, 0.00001 
1000.0, 5.0, 10.3, 0.1, +7.8, 0.1, 0.69688, 0.00001
2800.0, 10.0, 12.0, 0.1, +21.4, 0.1, 0.69632, 0.00002
4600.0, 10.0, 14.3, 0.1, +27.1, 0.1, 0.69513, 0.00001
6400.0, 10.0, 16.3, 0.1, +29.4, 0.1, 0.69383, 0.00002
8200.0, 20.0, 18.2, 0.1, +30.3, 0.2, 0.69260, 0.00002
10000.0, 20.0, 19.7, 0.2, +30.5, 0.2, 0.69149, 0.00003 
28000.0, 100.0, 28.8, 0.1, +28.5, 0.2, 0.68467, 0.00003
46000.0, 100.0, 33.4, 0.2, +27.8, 0.1, 0.68106, 0.00002
64000.0, 200.0, 36.7, 0.3, +27.5, 0.3, 0.67856, 0.00004
82000.0, 200.0, 39.4, 0.1, +28.2, 0.1, 0.67649, 0.00002
100000.0, 200.0, 41.6, 0.2, +29.7, 0.1, 0.67476, 0.00002