frequency (Hz), f_err, volt (mV), v_err, phase (degrees), phase_err, rms voltage from multimeter (Ac Volts), rms_err

R0a = 10kOhms

100.0, 0.2, 13.9, 0.1, -2.7, 0.2, nan, nan
280.0, 0.1, 13.9, 0.1, -5.0, 0.2, nan, nan
460.0, 0.5, 13.7, 0.1, -7.8, 0.2, nan, nan
640.0, 0.5, 13.6, 0.1, -10.6, 0.2, nan, nan
820.0, 3.0, 13.5, 0.1, -13.4, 0.2, nan, nan
1000.0, 5.0, 13.2, 0.1, -15.8, 0.4, nan, nan
2800.0, 5.0, 10.4, 0.1, -36.6, 0.2, nan, nan
4600.0, 10.0, 7.9, 0.1, -46.4, 0.2, nan, nan
6400.0, 10.0, 6.3, 0.1, -50.5, 0.2, nan, nan
8200.0, 20.0, 5.2, 0.1, -52.3, 0.1, nan, nan
10000.0, 20.0, 4.4, 0.1, -52.5, 0.5, nan, nan
28000.0, 50.0, 2.1, 0.1, -35.9, 1.0, nan, nan
46000.0, 50.0, 1.8, 0.1, -18.3, 1.0, nan, nan
64000.0, 100.0, 1.7, 0.2, -7.0, 2.0, nan, nan
82000.0, 100.0, 1.6, 0.2, +3.5, 5.0, nan, nan
100000.0, 200.0, 1.7, 0.1, +10.5, 1.0, nan, nan