frequency (Hz), f_err, volt (mV), v_err, phase (degrees), phase_err, rms voltage from multimeter (Ac Volts), rms_err

R0a = 10 kOhms = 10^4 Ohms

100.0, 0.1, 279.0, 0.2, -7.0, 0.2, 0.42892, 0.00002
280.0, 1.0, 266.5, 0.2, -5.6, 0.1, 0.43963, 0.00001
460.0, 3.0, 263.1, 0.1, -6.0, 0.1, 0.44327, 0.00002
640.0, 1.0, 261.0, 0.2, -6.6, 0.1, 0.44603, 0.00001
820.0, 1.0, 258.8, 0.2, -7.4, 0.1, 0.44870, 0.00002
1000.0, 20.0, 257.0, 0.2, -8.3, 0.1, 0.45143, 0.00001
2800.0, 10.0, 235.9, 0.2, -16.3, 0.2, 0.48267, 0.00002
4600.0, 10.0, 215.7, 0.1, -21.9, 0.2, 0.51100, 0.00001
6400.0, 10.0, 198.4, 0.1, -26.0, 0.1, 0.53374, 0.00003
8200.0, 20.0, 183.5, 0.2, -29.0, 0.2, 0.55170, 0.00001
10000.0, 20.0, 170.6, 0.2, -31.3, 0.1, 0.56616, 0.00001
28000.0, 100.0, 103.5, 0.1, -38.2, 0.1, 0.62822, 0.00001
46000.0, 100.0, 78.1, 0.1, -35.6, 0.2, 0.64509, 0.00002
64000.0, 200.0, 65.3, 0.1, -31.0, 0.1, 0.65193, 0.00002
82000.0, 200.0, 58.2, 0.1, -25.9, 0.1, 0.65525, 0.00001
100000.0, 200.0, 54.1, 0.1, -21.0, 0.3, 0.65700, 0.00002