frequency (Hz), f_err, volt (mV), v_err, phase (degrees), phase_err, rms voltage from multimeter (Ac Volts), rms_err

R0b = 100 kOhms = 10^5 Ohms

100.0, 0.2, 51.3, 0.1, -10.4, 0.1, 0.65630, 0.00002
280.0, 1.0, 47.8, 0.1, -7.6, 0.2, 0.65918, 0.00001 
460.0, 3.0, 46.8, 0.1, -7.4, 0.1, 0.66020, 0.00003
640.0, 1.0, 46.3, 0.1, -7.9, 0.1, 0.66086, 0.00001
820.0, 1.0, 45.8, 0.2, -8.4, 0.1, 0.66145, 0.00002
1000.0, 2.0, 45.4, 0.1, -9.1, 0.1, 0.66185, 0.00001
2800.0, 10.0, 39.6, 0.1, -13.4, 0.1, 0.66857, 0.00001
4600.0, 10.0, 35.5, 0.1, -13.6, 0.1, 0.67294, 0.00001
6400.0, 10.0, 32.8, 0.1, -12.2, 0.1, 0.67559, 0.00001
8200.0, 20.0, 31.1, 0.1, -9.9, 0.1, 0.67723, 0.00002
10000.0, 20.0, 30.1, 0.1, -7.5, 0.1, 0.67824, 0.00001
28000.0, 100.0, 30.0, 0.1, +8.3, 0.1, 0.67962, 0.00002
46000.0, 100.0, 32.9, 0.1, +14.4, 0.1, 0.67823, 0.00001
64000.0, 200.0, 35.4, 0.1, +17.7, 0.1, 0.67677, 0.00002
82000.0, 200.0, 37.6, 0.1, +20.3, 0.1, 0.67533, 0.00003
100000.0, 200.0, 39.5, 0.1, +21.9, 0.2, 0.67400, 0.00003