frequency (Hz), f_err, volt (mV), v_err, phase (degrees), phase_err, rms voltage from multimeter (Ac Volts), rms_err

R0b = 100 kOhms = 10^5 Ohms

100.0, 0.2, 48.7, 0.1, -10.7, 0.3, 0.65910, 0.00005 
280.0, 1.0, 45.3, 0.1, -7.4, 0.1, 0.66179, 0.00001
460.0, 3.0, 44.4, 0.2, -7.2, 0.1, 0.66269, 0.00001
640.0, 1.0, 43.7, 0.1, -7.5, 0.1, 0.66333, 0.00002
820.0, 1.0, 43.2, 0.1, -8.1, 0.1, 0.66395, 0.00001
1000.0, 2.0, 42.7, 0.1, -8.7, 0.2, 0.66446, 0.00001
2800.0, 10.0, 37.6, 0.1, -12.9, 0.2, 0.67048, 0.00001
4600.0, 10.0, 33.7, 0.1, -13.3, 0.1, 0.67355, 0.00001
6400.0, 10.0, 31.3, 0.1, -12.0, 0.1, 0.67704, 0.00002
8200.0, 20.0, 29.7, 0.2, -9.6, 0.2, 0.67858, 0.00003
10000.0, 20.0, 28.7, 0.1, -7.5, 0.1, 0.67945, 0.00001
28000.0, 100.0, 28.7, 0.1, +7.7, 0.2, 0.68087, 0.00002
46000.0, 100.0, 31.3, 0.1, +13.7, 0.3, 0.67965, 0.00002
64000.0, 200.0, 33.6, 0.1, +17.2, 0.1, 0.67835, 0.00002
82000.0, 200.0, 35.6, 0.1, +19.5, 0.1, 0.67705, 0.00001
100000.0, 200.0, 37.2, 0.1, +21.3, 0.2, 0.67592, 0.00002