frequency (Hz), f_err, volt (mV), v_err, phase (degrees), phase_err, rms voltage from multimeter (Ac Volts), rms_err

R0c = 1 MOhms = 10^6 Ohms

100.0, 0.1, 11.5, 0.1, -8.6, 0.2, 0.69589, 0.00003
280.0, 1.0, 10.7, 0.1, -2.4, 0.1, 0.69622, 0.00001
460.0, 1.0, 10.6, 0.1, +0.8, 0.2, 0.69629, 0.00001
640.0, 1.0, 10.6, 0.1, +3.2, 0.1, 0.69634, 0.00002
820.0, 3.0, 10.7, 0.1, +5.4, 0.1, 0.69635, 0.00001
1000.0, 5.0, 10.8, 0.1, +7.2, 0.1, 0.69637, 0.00002
2800.0, 5.0, 12.5, 0.1, +20.9, 0.1, 0.69574, 0.00002
4600.0, 10.0, 14.8, 0.1, +26.7, 0.1, 0.69453, 0.00002
6400.0, 10.0, 16.9, 0.1, +29.1, 0.1, 0.69320, 0.00002
8200.0, 20.0, 18.8, 0.1, +30.1, 0.1, 0.69193, 0.00001
10000.0, 20.0, 20.4, 0.1, +30.2, 0.2, 0.69077, 0.00003
28000.0, 100.0, 29.8, 0.1, +28.7, 0.2, 0.68375, 0.00002
46000.0, 100.0, 34.6, 0.1, +28.1, 0.1, 0.67997, 0.00001
64000.0, 200.0, 38.1, 0.1, +28.2, 0.1, 0.67731, 0.00001
82000.0, 200.0, 40.1, 0.2, +28.6, 0.1, 0.67515, 0.00001
100000.0, 200.0, 43.4, 0.2, +29.1, 0.1, 0.67324, 0.00001