frequency (Hz), f_err, volt (mV), v_err, phase (degrees), phase_err, rms voltage from multimeter (Ac Volts), rms_err

R0c = 1 MOhm = 100 kOhms = 1e6 Ohms 

100.0, 0.2, 0.35, 0.05, 0.0, 0.05, 0.70721, 0.00001
280.0, 1.0, 0.4, 0.05, 0.0, 0.05, 0.70696, 0.00002
460.0, 3.0, 0.4, 0.05, 0.0, 0.05, 0.70690, 0.00002
640.0, 1.0, 0.4, 0.05, 0.0, 0.05, 0.70692, 0.00002
820.0, 3.0, 0.4, 0.05, 0.0, 0.05, 0.70696, 0.00001
1000.0, 10.0, 0.4, 0.05, 0.0, 0.05, 0.70700, 0.00003
2800.0, 10.0, 0.45, 0.05, 0.0, 0.05, 0.70728, 0.00001
4600.0, 10.0, 0.45, 0.05, 0.0, 0.05, 0.70753, 0.00001
6400.0, 20.0, 0.5, 0.05, 0.0, 0.05, 0.70777, 0.00001
8200.0, 20.0, 0.5, 0.05, 0.0, 0.05, 0.70794, 0.00001
10000.0, 20.0, 0.5, 0.05, 0.0, 0.05, 0.70807, 0.00002
28000.0, 100.0, 0.6, 0.05, 0.0, 0.05, 0.70930, 0.00004
46000.0, 100.0, 0.65, 0.05, 0.0, 0.05, 0.70984, 0.00002
64000.0, 200.0, 0.75, 0.05, 0.0, 0.05, 0.71015, 0.00001
82000.0, 200.0, 0.8, 0.05, 0.0, 0.05, 0.71033, 0.00001
100000.0, 200.0, 0.95, 0.05, +65.7, 2.00, 0.71048, 0.00002