frequency (Hz), f_err, volt (mV), v_err, phase (degrees), phase_err, rms voltage from multimeter (Ac Volts), rms_err

R0c = 1 MOhm = 100 kOhms = 1e6 Ohms 

100.0, 0.1, 0.4, 0.05, 0.0, 0.05, 0.70715, 0.00002
280.0, 1.0, 0.4, 0.05, 0.0, 0.05, 0.70690, 0.00002
460.0, 3.0, 0.4, 0.05, 0.0, 0.05, 0.70688, 0.00001
640.0, 1.0, 0.4, 0.05, 0.0, 0.05, 0.70690, 0.00001
820.0, 3.0, 0.4, 0.05, 0.0, 0.05, 0.70692, 0.00002
1000.0, 20.0, 0.4, 0.05, 0.0, 0.05, 0.70693, 0.00002
2800.0, 10.0, 0.45, 0.05, 0.0, 0.05, 0.70723, 0.00001
4600.0, 10.0, 0.5, 0.05, 0.0, 0.05, 0.70750, 0.00002
6400.0, 10.0, 0.5, 0.05, 0.0, 0.05, 0.70772, 0.00001
8200.0, 20.0, 0.5, 0.05, 0.0, 0.05, 0.70791, 0.00001
10000.0, 200.0, 0.5, 0.05, 0.0, 0.05, 0.70805, 0.00002
28000.0, 100.0, 0.6, 0.05, 0.0, 0.05, 0.70929, 0.00001
46000.0, 100.0, 0.65, 0.05, 0.0, 0.05, 0.70984, 0.00002
64000.0, 200.0, 0.75, 0.05, 0.0, 0.05, 0.71013, 0.00002
82000.0, 200.0, 0.75, 0.05, 0.0, 0.05, 0.71033, 0.00002
100000.0, 200.0, 0.85, 0.05, 0.0, 0.05, 0.71049, 0.00001